Date,Russell 1000 Value,Russell 1000 Growth,Russell 2000 Value,Russell 2000 Growth,MSCI World Ex USA Value NR USD,MSCI World Ex USA Growth NR USD,MSCI World Ex USA Small Value NR USD,MSCI World Ex USA Small Growth NR USD,MSCI EM Value NR USD,MSCI EM Growth NR USD,MSCI EM Small Value NR USD,MSCI EM Small Growth NR USD,Bloomberg Barclays US Aggregate,Bloomberg Barclays Global Aggregate x USD,Bloomberg Barclays Global Inflation-Linked USD,Bloomberg Barclays US Municipal Bond,Bloomberg Barclays Global High Yield USD
2007-06-29,0.1361449331957838,0.11167475935594681,0.0,0.02182572637492986,0.11576808758841146,0.09759327781655096,0.003919102322174118,0.023991236287778737,0.014763788189823605,0.04210486110075924,6.101970346682296e-19,1.7333627227274319e-18,0.14700038914452823,0.20474678918375452,0.036429092724471895,0.03626998234556199,0.007767974369524645
2008-06-30,0.10326120621580367,0.10367219664768157,0.007064240970958347,0.008098721771896807,0.10293087152587395,0.10629037471765695,0.007176163209200003,0.014216620482986447,0.028121628595015397,0.024833251691917597,0.0033908613859831046,3.8812482780711715e-20,0.17686697511322305,0.24994575112492226,0.03763843953987076,0.022597044468010804,0.0038956525389993303
2009-06-30,0.07746528196501618,0.08112654033177065,0.00656680733813735,0.006558354658045561,0.08017868986382778,0.07928334005239232,0.008439850430177503,0.008701321848589325,0.016863018192064445,0.024993505431203187,0.0028294038316204495,0.0030405213482816037,0.21610752492454346,0.33783817252624754,0.014484119458707185,0.020266377394768498,0.015257170404606973
2010-06-30,0.08130821325977189,0.08076725814142977,0.008207271347047233,0.0065965406422160925,0.0766189985593685,0.07693002711617812,0.009865149248603138,0.009802539799613194,0.02491403399420085,0.02025169045351083,0.00639338910528156,0.0008928022095975808,0.22761101117553387,0.33129837259369227,0.0015867146553733222,0.0216868899832888,0.015269097715293082
2011-06-30,0.08952259562089954,0.08770938123574114,0.007952767337628387,0.008164265659308752,0.08236681916399989,0.08240345579854413,0.011327920059153727,0.011415870256952015,0.027470399601839543,0.022487393752677668,0.003492485089280041,0.0033757851322419,0.19558937602934698,0.3225181879865343,0.008982743780093502,0.015741953749520657,0.019478599746237814
2012-06-29,0.09185809795349462,0.08986796554340898,0.007496336075655504,0.007586512168369405,0.07044276214846774,0.06920979261307918,0.009201541674075192,0.009867997366004223,0.02272013893455038,0.02050670020756748,0.0031407812135180297,0.0024985380613518314,0.2163995724890319,0.33242503330844625,0.009045922064966783,0.017351076709871783,0.020381231468140512
2013-06-28,0.10399473471492011,0.09544153799254917,0.008875326622745197,0.008432309587092932,0.07694299644254537,0.0760136111053234,0.010501194773153318,0.010642093933784335,0.017958990513048445,0.023993894768650905,0.0053825632699319595,0.0005526552244981129,0.20481043021927903,0.3146265158878748,0.0044492578931683395,0.016502076928523967,0.02087981012291071
2014-06-30,0.10669039541954427,0.1081092992226034,0.00944000311965697,0.009257945013153355,0.0804542328505755,0.0805664473494278,0.012105062957048489,0.011781763085278668,0.024086439395235262,0.017677427323748007,0.002683313994953285,0.003830361245597278,0.18331409746114805,0.2666293438227438,0.045326097466342294,0.014127582067268819,0.023920188205674854
2015-06-30,0.10370160195903631,0.12547940159436632,0.01713357675369057,0.007885332338909359,0.07919554007075554,0.09708730698670687,0.0,1.6721707829515153e-18,0.02881274946557478,0.001600371205079474,9.209082005468048e-20,0.023638284429195175,0.18983051226723874,0.23842625859241764,0.04639064294291491,0.034262823069968106,0.0065555983241464095
2016-06-30,0.10887229612152995,0.10829402171391954,0.008740975756411607,0.008601486990889015,0.06696815042836451,0.06915344399475519,0.010988123332204981,0.011067860754595453,0.01703731592447855,0.022615509289848294,0.0031450875639742137,0.0032947178603003864,0.20677386805111655,0.2846986563569018,0.029360110466680637,0.01557213854572936,0.024816236848299842
2017-06-30,0.11268653551036262,0.11891423690026184,0.013876538395580557,0.008296876392596068,0.08505243954974846,0.06858920272506394,0.008701192808639673,0.007601603896864789,0.012874837987557664,0.029906638149419174,2.077548786495256e-19,0.011005033839523719,0.19959092916233695,0.24335512794263234,0.04662176977045428,0.012471689580419502,0.020455347388538426
2018-06-29,0.1213731275047139,0.11968965632811407,0.010301959835002403,0.010045832860756925,0.07197234210151963,0.07457161945026232,0.012581540829303354,0.01349952570745999,0.022308733275954416,0.026703468340824196,0.0029796282557625806,0.003474197688040067,0.18849755068656968,0.25172979180603144,0.03380320561966371,0.013636846871217979,0.02283097283880341
2019-06-28,0.11872867950048484,0.12290583071340633,0.008475422233796777,0.009522857043842786,0.0661733157713708,0.07057769373938055,0.010848461866587875,0.011072865373632381,0.030402978764348696,0.018390650797629863,0.002527267616587593,0.0035352496672269346,0.199871207957024,0.24660614428516728,0.04655827026462432,0.012604628319727165,0.021198476085161913
2020-06-30,0.11572661729425832,0.12592104521597722,0.008616860361410707,0.007327955293681199,0.06538415841077949,0.05878095072877586,0.006966890967783542,0.007859134861656897,0.021469292033455503,0.024092322442800764,7.127166921403776e-05,0.006979046629067803,0.20143494089748362,0.2668369079048891,0.045859041576647594,0.01164181606616227,0.02503174764595614
2021-06-30,0.13299294542266338,0.142439828381102,0.01342543438179114,0.007158746225473196,0.06243596826481185,0.064013637585002,0.010711276370313251,0.012080318603227285,0.025188884745158104,0.028233476396221553,0.0017125417151585207,0.006554700734470352,0.1722011493122214,0.2420475965554776,0.04225714550750942,0.009518939664324405,0.027027410135074346
2022-06-30,0.1384884823597211,0.1382540506004296,0.008758505153884492,0.008884455350122496,0.06068687150938708,0.05971772134237308,0.010901854886690682,0.010020126111018789,0.025960744771977132,0.025133335865582355,0.0034621198726615524,0.0037691744280376306,0.19480346465333678,0.24161141577020492,0.038235855636487605,0.012082929932486344,0.019228891755598262
2023-06-30,0.14127256798624008,0.1574180147063454,0.008664653983275226,0.008619958045229015,0.06202360369604126,0.06428499080536866,0.009987879088361882,0.00997759007433501,0.034832809297046956,0.013827337762736246,0.003921739755195529,0.003797955754384075,0.1854391965898314,0.25969778006585353,0.007521723114307501,0.011066923917837916,0.017645275357610134
2024-06-28,0.1382577779026898,0.18031248267849606,0.0020310614090228683,0.014362719691245968,0.07063203697605126,0.05724541126685647,0.0,0.014599803947581381,0.03543684223492166,0.0189364517244274,0.00862514044472957,0.0,0.18279860122194588,0.25272634713520575,6.397984389066041e-19,0.006941987967211175,0.017093335399614787
