Date,Russell 1000 Value,Russell 1000 Growth,Russell 2000 Value,Russell 2000 Growth,MSCI World Ex USA Value NR USD,MSCI World Ex USA Growth NR USD,MSCI World Ex USA Small Value NR USD,MSCI World Ex USA Small Growth NR USD,MSCI EM Value NR USD,MSCI EM Growth NR USD,MSCI EM Small Value NR USD,MSCI EM Small Growth NR USD,Bloomberg Barclays US Aggregate,Bloomberg Barclays Global Aggregate x USD,Bloomberg Barclays Global Inflation-Linked USD,Bloomberg Barclays US Municipal Bond,Bloomberg Barclays Global High Yield USD
2007-06-29,0.12090418040114168,0.12080983863256961,0.011226263687107397,0.011474507164319536,0.11701758188403821,0.1171974141150111,0.013556357855143178,0.014111671287243452,0.02192100129056635,0.022552557212606645,0.003531809764606012,0.003628197770283245,0.14783807751085,0.20474678918375452,0.036815562328946956,0.016846812106085792,0.015821377805726233
2008-06-30,0.09774201234035287,0.105309342823142,0.008117183603742445,0.00836645036614289,0.10238102284054924,0.10804959833519334,0.010284609309512884,0.011690538426753732,0.025353406048389815,0.023877881186057735,0.0031773869257813213,0.003144854300546834,0.16901245278581767,0.25513154065570315,0.036742131031430925,0.01725854843245594,0.014361040588427148
2009-06-30,0.07759262316768194,0.08106223132109262,0.006444764397862025,0.0066718626147255055,0.08020191922256872,0.07917163685372287,0.00840085708913123,0.00876459509250167,0.020986118218899067,0.020868611256444604,0.0029468623870557422,0.0029179991683291806,0.2160352419363419,0.32906172260912675,0.023315094719161985,0.020285808530166878,0.01527205141518736
2010-06-30,0.08259041711499159,0.08106656575238055,0.007040291261396044,0.007355560301408085,0.0743798923487937,0.07740866471679136,0.010096154693633948,0.010025973898720805,0.02302939147917888,0.02261601432931195,0.0033317765062350247,0.003210816850452859,0.2271306424135845,0.3099927958900093,0.022922382761535312,0.01922513315104571,0.018577526530530304
2011-06-30,0.08948352599008043,0.08774384653385711,0.00800322780801402,0.008112584723970941,0.08225820074057143,0.08255256771509567,0.011417065744646947,0.011319543399212392,0.02436471664272724,0.025580044000073215,0.0034658161180794963,0.003410688383159272,0.19551758631100213,0.30814054069234004,0.02337448325799407,0.015789606745273785,0.0194659551939018
2012-06-29,0.09176644815141595,0.09001454666287076,0.007524130039430739,0.007525258517462293,0.07027598636245708,0.0693636251329123,0.009504708994510077,0.009605973675468123,0.021319523702374103,0.02188960238452604,0.002849908851151543,0.0027945140239751774,0.21623861845124895,0.303719248661927,0.037818940826517634,0.017465889548242543,0.020323076013509713
2013-06-28,0.10440507129520579,0.09596446134519779,0.008641432844121551,0.008273644897717567,0.0760956537439747,0.07658761227816897,0.010301224360981649,0.010484704267768385,0.02011530909992194,0.021417364251897653,0.003035029644503185,0.002985122964751397,0.203924853082604,0.2852047699774171,0.03388555405569791,0.01595904477468547,0.02271914711538497
2014-06-30,0.10671916672848775,0.1080577102956037,0.009370996738948598,0.009368135022375523,0.08058785313354075,0.08043508282789784,0.01193006985819546,0.01196172454937792,0.0202593639798192,0.02152230113952223,0.0032281503913291127,0.0032641966220736313,0.1834888680791441,0.27903027854656065,0.03290729130372388,0.01402336765927391,0.023845443124125676
2015-06-30,0.11365100436715413,0.11617408287313544,0.010175491759300364,0.01052302382279334,0.0770250203757727,0.07801330384251211,0.011319593124747401,0.011495207804009925,0.02147775075384188,0.021554685427863585,0.003584525087121968,0.00388102504252412,0.19602556203965976,0.23842625859241764,0.0463906429429149,0.01623971024530462,0.024043111898926082
2016-06-30,0.10904768660606991,0.10818352049482514,0.00857668654555374,0.008704345640857905,0.06701535780744543,0.06905331090514832,0.010893736929365848,0.011163908467106392,0.019710972572469006,0.019988274855289166,0.003192131151942404,0.00324053784507596,0.2067895509601442,0.28432675067199636,0.029809441267539843,0.015511982872784777,0.02479180440638558
2017-06-30,0.11846145889077637,0.11362280697811768,0.009730693046050622,0.009871422622055571,0.07413763026736891,0.07301230053133485,0.012232667452387115,0.012344850778279053,0.021024922098259943,0.023708859808925526,0.003334464318170309,0.0036408391094132414,0.19563014629668538,0.24335512794263234,0.04662176977045428,0.014277614071595515,0.024992426017493283
2018-06-29,0.1215714188798482,0.11946139117667892,0.010157969119577817,0.010201961646820244,0.07195285176898468,0.0747719309356719,0.012615116046895563,0.01336615858456379,0.023702622989013652,0.025266035488050488,0.0032219595790629243,0.00323197709509317,0.18829184181016645,0.2531559728589644,0.03254932163828033,0.01380467939869942,0.02267679098362813
2019-06-28,0.11869215245597742,0.12286859878272767,0.008488000735644523,0.009476263027703722,0.06563906057336598,0.07066228519264395,0.01098036295526955,0.011321221582874434,0.02523828250920629,0.02362668810478627,0.0030149874372327377,0.0030438222274759043,0.19874495634913128,0.25204545576518134,0.041102939392417985,0.013635352537609988,0.021419570370751102
2020-06-30,0.11855875640813927,0.12271598945044702,0.007392888461275215,0.007726073582103008,0.06077207179324357,0.060251070421067955,0.009475383595057585,0.00994228424982467,0.02340083743077977,0.024754958928230167,0.002476390017123853,0.0027296528112922655,0.20148569811138045,0.2668369079048891,0.045859041576647594,0.013384903476928094,0.022237091781570392
2021-06-30,0.13435484616027682,0.14090930275753444,0.009931600659349296,0.010301933724856983,0.06220019240341325,0.0638991500588346,0.011519183801217952,0.011554567385224564,0.027776451881754247,0.029289086233438656,0.0038052004159113213,0.0038820038275067703,0.17304829049702178,0.2420475965554776,0.04225714550750942,0.01132947705853939,0.021893971072132916
2022-06-30,0.13848870994746107,0.138212758903391,0.008796091744595438,0.008895970194306926,0.06082463109743169,0.059716036538605174,0.010567890929758466,0.010194583170009158,0.025293861668097033,0.025760040152484665,0.003674697765960634,0.003611071956780883,0.19481376354560498,0.23894826140999295,0.04102641575503654,0.01199666205229988,0.019178553168183395
2023-06-30,0.1413315628709877,0.15741841986695382,0.008641645679679347,0.00860953143018291,0.062067482335087534,0.06419795479626601,0.00990372661382076,0.010102497244818674,0.02567413485944285,0.02300591969361145,0.0038726069289264004,0.003861762325530903,0.18534888892585805,0.24735635284161564,0.019768855673996145,0.011316021955250426,0.017522635957971346
2024-06-28,0.1399412189283162,0.18691691060377089,0.00824854455756854,0.00840888495158745,0.05992764348896756,0.06160901309199281,0.009368644037176037,0.009702147614285523,0.025494816426135755,0.024247263543107994,0.0043345197932197835,0.004356360286092408,0.17890508379329192,0.22820376070658743,0.02284716492115798,0.010984818200870997,0.016503205055870815
